No webpages contains word "allain"
Webpage "stackoverflow" does not exist
Added page - "stack_datastructure"
Added page - "stackoverflow"
Added page - "stack_cprogramming"
Added page - "stacklighting"
Added page - "stackmagazine"
Added page - "stack_oracle"
Index of "stack" in page "stack_oracle" - 8, 12, 18, 27, 46, 68, 76, 85, 100, 116, 140
11
No webpages contains word "delhi"
No webpages contains word "jump"
No webpages contains word "hole"
No webpages contains word "theorem"
"stack" is present in pages - "stack_datastructure, stackoverflow, stack_cprogramming, stacklighting, stackmagazine, stack_oracle"
"wikipedia" is present in pages - "stack_datastructure"
Index of "stack" in page "stack_datastructure" - 1, 14, 71, 130, 142, 153, 170, 191, 204, 208, 223, 228, 256, 267, 289, 294, 326, 336, 350, 363, 382, 395, 409, 436, 441, 459
26
Webpage "blackhole" does not exist
Webpage "blackholethermo" does not exist
Index of "stack" in page "stackoverflow" - 1
1
Webpage stack_cprogramming does not contain word c!
"allain" is present in pages - "stack_cprogramming"
"c" is present in pages - "stack_cprogramming"
"c++" is present in pages - "stackoverflow, stack_cprogramming"
"jdk" is present in pages - "stack_oracle"
"function" is present in pages - "stack_datastructure, stackoverflow, stack_cprogramming"
"magazines" is present in pages - "stackmagazine"
Added page - "blackholethermo"
Added page - "blackhole"
Added page - "train"
Index of "train" in page "train" - 3, 17, 25, 69, 99, 163, 176, 453, 547, 983, 1027, 1098, 1105, 1120, 1128, 1160, 1400, 1412, 1550, 1558, 1567, 1581, 1605, 1672, 1752, 1791, 1800, 1809, 1834, 1851, 1901, 2019, 2152, 2161, 2171, 2301, 2408, 2451, 2472, 2481, 2749, 2870, 2886, 3039, 3060, 3229, 3298, 3327, 3335, 3440, 3448, 3457, 3565, 3669, 3692, 3706, 3723, 3729, 3732, 3736, 3756, 3819, 3874, 3936, 3950, 3992, 4041, 4066, 4073, 4096, 4101, 4184, 4280, 4293, 4333, 4349, 4500, 4511, 4518, 4525, 4540, 4649, 4658, 4663, 4678, 4715, 4731, 4750, 4771, 4940, 4947, 4958, 4967, 4974, 4981, 4992, 5003, 5195, 5296, 5317, 5323, 5335, 5342, 5365, 5373, 5402, 5424, 5446, 5459, 5497, 5506, 5531, 5629, 5638, 5736, 5761, 5773, 5779, 5812, 5828, 5852, 5883, 5920, 5925, 5930, 5966, 5972, 6061, 6073, 6153, 6229, 6236, 6249, 6255, 6288, 6300, 6310, 6359, 6367, 6577, 6584, 6626, 6675, 6913, 6943, 6955, 6974, 7105, 7121, 7169, 7182, 7213, 7319, 7334, 7358, 7373, 7386, 7595, 7738, 7766, 7785, 7805, 8526, 8536, 8555, 8587, 8596, 8912, 8931, 8949, 9047, 9060, 9068, 9073, 9083, 9096, 9103, 9116, 9123, 9133, 9143, 9154, 9164, 9174, 9189, 9215, 9283, 9523, 9541, 9572, 9659, 9791, 9815, 9852, 9861, 9960, 9998, 10003, 10008, 10034, 10074, 10124, 10145, 10153, 10166, 10172, 10195, 10213, 10367, 10391, 10398, 10440, 10517, 10535, 10541, 10548, 10558, 10566, 10572, 10626, 10653, 10738, 10747, 10831, 10931, 10983, 11010, 11030, 11040, 11060, 11072, 11103, 11110, 11132, 11229, 11398, 11407, 11414, 11495, 11613, 11654, 11678, 11686, 11693, 11709, 11724, 11768, 11776, 11797, 11845, 11849, 11881, 12270, 12281, 12288, 12302, 12382, 12411, 12431, 12487, 12503, 12578, 13324, 13329, 13398, 13406, 13411, 13471, 13486, 13491, 13541, 13548, 13557, 13686, 13861, 13866, 13890, 13898, 14010, 14026, 14074, 14090, 14116, 14172, 14279, 14299, 14368, 14399, 14404, 14415, 14422, 14431, 14440, 14447, 14583, 14593, 14600, 14626, 14632, 14728, 14738, 14766, 14885, 14892, 14902, 14925, 14934, 14957, 15009, 15029, 15071, 15174, 15243, 15249, 15276, 15281, 15322, 15327, 15392, 15398, 15518, 15532, 15549, 15555, 15565, 15569, 15574, 15579, 15665, 15744, 15761, 15770, 15783, 15787, 15790, 15797, 15801, 15808, 15814, 15818, 15823, 15832, 15839, 15844, 15848, 15859, 15878, 15885, 15941, 15955, 15963, 15973, 15985, 16004, 16020, 16027, 16040, 16048, 16057, 16066, 16078, 16085, 16093, 16105, 16114, 16122, 16135, 16158, 16168, 16197, 16206, 16227, 16239, 16248, 16259, 16270, 16277, 16283, 16336, 16342, 16357, 16407, 16414, 16422, 16432, 16567, 16579, 16585, 16603, 16616, 16639, 16650, 16658, 16664, 16666, 16696, 16706, 16707, 16713, 16714, 16722, 16723, 16730, 16738, 16782, 16789, 16799, 16954, 17237, 17279, 17375, 17453, 17473, 17488, 17498, 17505, 17550, 17626, 17650, 17683, 17693, 17768, 17849, 18237, 18251, 18295, 18429, 18953, 19255, 19817, 20618, 20690, 20728, 20738, 20757, 20780, 20867, 20894, 21226, 21522, 21630, 21981, 21991, 22200, 22238, 22249, 22420, 22442, 22580, 22593, 22603, 22615, 23237, 23417, 23532, 23568, 23581, 23772, 23868, 24020, 24030, 24083, 24109, 24150, 24253, 24279, 24336, 24438, 25317, 26227, 26615, 27164, 27197, 27415, 27589, 27746, 27764, 27809, 28066, 28405, 28445, 28495, 28517, 28540, 28632, 28662, 28856, 29070, 29090, 30019, 30048, 30061, 30138, 30262, 30272, 30580, 30771, 30910, 31324, 31621, 31634, 31650, 31704, 31729, 31779, 31790, 31829, 31863, 31893, 31952, 31970, 32276, 33090
513
Index of "black" in page "blackhole" - 14, 25, 29, 37, 91, 108, 153, 200, 206, 234, 256, 303, 347, 373, 396, 419, 422, 438, 455, 478, 504, 538, 566, 580, 672, 761, 1398, 1426, 1581, 1620, 1657, 1697, 1713, 1726, 1758, 1790, 1874, 1885, 1923, 1929, 1941, 1950, 1962, 1992, 2040, 2056, 2089, 2095, 2116, 2137, 2163, 2187, 2254, 2284, 2310, 2338, 2353, 2358, 2370, 2378, 2421, 2439, 2453, 2480, 2485, 2500, 2506, 2517, 2531, 2575, 2580, 2665, 2697, 2717, 2724, 2733, 2742, 2749, 2759, 2781, 2838, 2849, 2875, 2908, 2921, 2950, 2967, 2993, 3075, 3092, 3101, 3114, 3131, 3206, 3283, 3295, 3305, 3322, 3346, 3361, 3403, 3424, 3503, 3542, 3565, 3573, 3652, 3778, 3821, 3860, 3969, 4037, 4074, 4149, 4165, 4200, 4248, 4333, 4342, 4360, 4389, 4648, 4668, 4690, 4698, 4707, 4837, 4883, 4897, 4916, 4962, 4978, 4990, 5008, 5023, 5027, 5078, 5122, 5175, 5213, 5228, 5258, 5272, 5298, 5317, 5328, 5341, 5362, 5389, 5402, 5407, 5432, 5439, 5447, 5469, 5475, 5514, 5520, 5530, 5537, 5542, 5575, 5616, 5628, 5645, 5661, 5676, 5718, 5729, 5749, 5777, 5788, 5802, 5823, 5839, 5863, 5887, 5911, 5921, 5954, 5969, 6017, 6024, 6097, 6140, 6160, 6288, 6306, 6357, 6375, 6388, 6398, 6415, 6490, 6498, 6516, 6544, 6630, 6639, 6681, 6688, 6724, 6972, 6993, 7042, 7064, 7111, 7128, 7161, 7172, 7219, 7257, 7273, 7290, 7449, 7469, 7549, 7560, 7571, 7604, 7615, 7680, 7792, 7822, 7838, 7846, 7855, 7872, 7885, 7896, 7921, 7931, 7938, 7984, 8021, 8051, 8064, 8082, 8091, 8137, 8158, 8194, 8218, 8236, 8274, 8293, 8305, 8337, 8367, 8405, 8483, 8533, 8562, 8581, 8604, 8619, 8623, 8643, 8657, 8677, 8702, 8709, 8733, 8753, 8756, 8851, 8853, 8855, 8858, 8861, 8865, 8868, 8878, 8885, 9017, 9073, 9113, 9149, 9449, 9494, 9608, 9685, 9902, 9933, 9963, 9990, 10091, 10124, 10146, 10172, 10194, 10214, 10268, 10352, 10425, 10453, 10490, 10620, 10652, 10682, 10709, 10733, 10765, 10930, 10940, 11001, 11050, 11085, 11170, 11203, 11244, 11291, 11323, 11355, 11387, 11442, 11534, 11558, 11584, 11642, 11765, 11812, 11843, 11875, 11962, 11982, 12013, 12052, 12079, 12114, 12168, 12204, 12278, 12431, 12463, 12493, 12592, 12650, 12710, 12761, 12786, 12803, 12823, 12894, 12904, 12912, 12929, 12940, 12984, 13022, 13063, 13085, 13116, 13133, 13173, 13190, 13198, 13201, 13216, 13229, 13236, 13251, 13255, 13271, 13277, 13361, 13369, 13402, 13414, 13422, 13433, 13458
372
